1,1,1,2,2,3,3,4,4
2,3,4,5,5
8,9,9,10,10,11,12,13,14,14,14,14,15,16
7,8,9,9,10,11,12,13,14,15
2,2,2,2,2
6,7,8,9,9,10,11,12,12,13,13,14,14
10,11,12,12,12,13,13,13,14,15,16,16
14,15,16,17,18,19,20,21,22,23
6,7,8,9,10,11,12,13,14
15,16,17,17,18,19,20
11,12,13,13,14,15
14,15,16,17,17,18,18,19
13,13,14,15,15,15,16,17,18,18
5,6,7,8,9,9,9,10,11
6,7,8,8,9,9,9,10,10,11,11
1,1,1,2,2,3,3,4,4
9,10,11,11,12,13,13
9,10,10,10,10,11,12,12,13,14,14,15
1,2,3,4
2,3,4,5,5
13,14,14,15,16,17,17,18,19,20,21,22,22
6,7,8,9,10,10,11,11,11